4
4 3 4
2 1 3 0
1 2 3 1
1 3 4 3
2 1 4 2
3 2 4 1
379 52 455
314 11 38 103 962 976 600 443 231 469 719 890 501 970 186 818 743 107 788 936 250 81 643 507 60 135 861 61 901 854 436 28 208 941 484 304 408 794 106 801 342 507 266 510 664 201 85 912 246 14 631 438 77 566 442 188 648 502 396 108 82 849 902 319 495 721 994 586 657 153 791 886 663 269 326 512 474 479 753 17 200 91 198 982 691 561 25 986 257 319 891 619 726 379 329 508 293 463 550 363 937 443 938 866 108 745 426 67 203 846 495 762 587 816 96 563 622 257 680 294 925 379 207 958 354 990 623 542 238 621 252 158 345 175 485 937 853 716 251 2 201 662 819 917 127 211 163 946 742 484 378 233 647 955 961 887 680 773 908 886 225 41 795 304 652 100 465 932 906 71 94 80 822 713 123 901 561 864 204 417 954 195 800 752 957 310 565 882 71 301 389 528 514 394 430 966 778 825 747 247 340 148 829 606 518 22 388 522 352 744 989 644 703 521 302 892 314 400 470 110 696 265 890 963 581 459 454 384 585 588 814 633 566 540 827 45 782 262 352 815 318 895 516 110 159 957 471 477 3 280 398 41 789 662 551 709 423 17 630 99 20 815 981 305 226 599 157 39 185 567 458 139 619 523 719 933 159 874 436 907 151 343 715 178 132 59 896 155 408 757 869 432 296 840 290 203 35 846 805 747 428 689 498 479 531 291 548 956 863 857 566 437 457 263 987 341 981 721 175 190 829 313 702 153 687 255 899 649 48 181 290 928 149 35 81 535 255 162 785 53 658 37 831 991 660 961 990 684 63 403 123 815 694 839 8 147 463 744 269 870 265 872 265 428 685 411 432 794 615 717 468 622 355 461 695 447 496 624 563
1 10 191 41
1 17 2 38
2 21 3 37
4 4 317 39
2 2 5 3
6 52 8 44
7 32 186 30
2 47 8 41
10 20 357 44
12 50 370 48
3 2 13 43
14 44 310 27
11 39 14 12
15 46 292 20
16 44 69 15
17 31 41 43
7 45 17 15
18 9 347 17
21 42 56 36
1 26 21 19
22 52 290 24
9 44 22 29
23 10 93 46
20 20 23 30
24 43 150 3
16 41 25 37
26 28 295 33
11 50 27 32
14 15 28 47
29 40 89 5
13 24 29 36
30 11 245 8
9 3 30 42
25 21 31 3
24 22 33 22
34 51 251 37
2 7 34 52
35 43 190 21
36 11 86 11
15 19 36 26
37 22 113 16
23 19 37 24
38 42 313 28
1 16 38 16
24 35 39 10
40 2 111 35
10 13 40 2
29 6 41 9
42 44 222 51
30 30 42 47
43 1 56 6
23 46 43 47
44 32 46 17
9 2 44 4
45 29 226 36
32 27 45 1
48 35 361 23
42 35 49 9
50 2 267 44
39 24 50 52
51 39 88 33
1 47 52 47
53 10 253 14
36 35 53 28
54 51 341 29
34 32 55 22
56 29 275 7
57 37 137 15
58 15 289 32
53 40 58 30
59 18 284 14
42 37 59 8
60 24 133 44
61 31 78 8
62 23 111 24
64 7 249 18
65 6 136 4
67 42 202 48
26 12 67 13
68 12 104 6
69 30 373 23
22 12 70 15
71 16 121 49
72 38 193 45
73 41 270 52
19 29 73 20
71 31 74 19
75 45 101 45
20 31 75 17
79 36 205 24
75 36 79 26
31 32 80 41
82 5 331 9
83 47 235 2
84 8 170 50
49 49 85 2
86 5 205 33
87 2 168 42
89 17 188 30
4 12 89 18
62 47 90 40
91 20 123 43
22 43 91 23
61 23 93 20
34 46 94 41
95 51 99 24
27 9 95 25
92 16 96 52
97 7 373 23
98 20 282 30
20 1 98 40
99 47 321 3
29 46 99 38
101 45 196 14
102 19 104 37
104 7 285 31
106 52 219 12
99 39 106 45
107 14 267 26
109 35 301 13
110 1 291 43
69 52 110 41
111 17 166 48
112 35 152 38
67 26 113 32
7 40 114 13
53 23 115 33
4 33 117 14
118 44 167 33
35 4 118 50
34 52 119 40
2 41 121 33
110 51 122 23
123 37 184 36
27 1 123 21
125 35 272 41
127 20 202 27
75 50 127 6
128 30 366 21
26 35 128 37
129 44 202 10
118 23 129 13
114 13 130 50
131 18 379 24
132 43 144 5
118 21 132 30
133 16 137 47
99 7 134 26
117 38 135 39
136 52 341 50
122 7 136 34
54 42 137 10
138 16 236 5
139 14 379 41
140 16 271 13
106 38 140 14
142 16 221 11
64 47 142 26
143 16 342 29
135 11 143 23
82 34 144 43
145 52 231 14
51 28 145 45
146 40 284 24
81 41 146 23
147 19 177 29
60 10 149 40
34 6 150 31
151 6 160 34
152 37 324 35
14 47 154 13
141 27 155 2
52 34 156 45
157 8 204 11
63 40 157 3
158 14 212 47
150 29 158 46
12 30 159 25
160 49 248 27
83 7 160 13
15 24 161 15
162 14 292 35
35 10 162 40
3 43 163 13
164 26 368 34
9 52 164 11
165 14 286 31
18 38 166 9
167 50 236 10
28 22 167 36
169 41 302 40
116 49 169 42
130 2 171 37
173 11 210 8
29 10 173 30
174 52 347 2
175 25 371 50
177 21 247 46
107 2 177 5
178 34 323 15
47 13 178 40
103 17 179 13
180 37 284 3
169 11 181 20
182 40 298 2
183 27 327 26
31 44 183 14
22 31 185 29
178 40 186 3
187 22 298 19
66 41 187 5
188 12 275 14
26 21 188 35
190 11 325 20
74 52 190 32
191 8 289 27
2 34 191 12
42 21 192 17
193 36 235 28
186 43 193 34
194 30 248 12
69 18 194 17
195 8 250 50
41 27 195 27
196 11 277 2
197 38 305 26
4 2 197 17
106 44 198 3
201 40 347 38
104 12 201 12
202 49 234 48
56 44 202 6
203 34 325 27
27 19 203 12
204 36 281 30
163 32 204 43
194 21 205 1
206 16 377 20
208 10 282 1
209 40 329 13
212 3 379 47
105 46 212 23
213 19 236 16
104 20 213 9
116 39 214 4
215 22 244 1
36 10 215 5
217 43 274 32
25 11 217 21
218 52 352 33
215 19 219 30
221 31 305 10
36 32 222 38
223 46 236 40
155 40 223 40
224 42 274 41
137 30 224 28
225 20 262 16
226 40 233 42
107 13 226 2
227 39 354 22
228 6 279 40
58 39 228 21
85 9 229 13
231 38 287 40
106 36 231 24
232 17 267 10
128 26 234 21
194 26 235 2
236 12 351 37
219 35 236 38
237 21 343 31
238 51 340 13
239 2 314 7
190 28 239 23
124 40 240 45
241 51 286 44
58 44 241 33
242 8 342 23
14 25 242 9
66 9 243 29
244 8 343 30
5 38 244 48
245 43 335 49
246 37 270 12
86 10 246 42
247 46 378 8
22 4 247 36
248 6 315 26
204 48 248 28
143 23 249 6
251 7 371 28
130 50 251 39
252 51 321 32
254 51 323 24
202 12 254 52
255 6 337 11
58 20 256 31
156 28 257 40
258 51 373 38
130 27 259 40
110 31 260 7
261 17 355 47
192 32 261 33
207 26 262 30
264 21 357 36
107 29 264 21
265 2 271 19
171 6 265 32
266 20 356 20
174 3 266 22
267 7 318 36
7 35 267 22
268 15 301 49
269 40 364 41
270 18 273 1
123 51 270 39
271 17 283 46
122 8 273 48
274 6 350 51
275 38 287 8
105 17 275 29
276 13 363 14
117 25 276 42
277 27 347 46
130 47 277 6
278 35 356 28
20 50 278 32
13 3 279 41
280 2 335 24
100 23 280 33
281 1 376 48
282 29 295 24
133 24 282 16
283 41 287 22
7 38 283 7
284 1 301 43
5 2 284 23
285 13 344 50
199 24 285 46
286 19 347 10
205 38 286 3
188 50 287 30
288 29 322 14
289 16 374 34
273 49 289 37
19 48 290 21
291 40 330 34
136 25 291 38
197 22 292 42
293 14 324 49
76 22 295 5
16 16 296 14
298 2 352 15
299 43 355 15
266 45 299 33
300 52 366 43
45 41 300 40
301 51 337 30
7 19 301 40
302 11 352 2
304 39 327 52
228 21 304 39
305 50 309 42
149 30 305 40
306 11 337 27
254 8 306 21
62 50 307 3
230 24 308 15
129 8 309 12
310 17 321 47
247 5 310 12
124 22 311 26
312 31 329 15
283 22 312 49
269 30 313 30
314 22 364 20
316 34 323 2
204 37 316 19
181 27 317 31
319 2 340 46
285 8 319 23
321 18 350 2
124 25 321 31
86 19 323 48
324 4 355 39
273 40 324 27
89 50 326 10
327 13 351 44
166 24 327 27
134 44 328 11
329 35 339 29
334 15 360 5
335 45 343 13
18 2 336 23
113 17 337 47
338 5 371 12
303 41 338 33
340 46 377 23
189 25 340 10
341 13 369 31
193 1 341 15
329 4 342 47
343 44 373 15
169 22 343 47
29 33 344 30
345 18 356 7
346 52 356 45
55 5 346 25
347 18 376 48
218 4 347 25
348 16 357 14
148 50 348 1
323 11 349 22
350 7 368 49
329 41 350 21
352 31 379 19
55 33 352 2
323 23 353 8
354 5 379 33
71 39 355 51
356 19 365 10
357 8 363 29
359 49 370 26
34 44 359 13
360 7 369 21
259 36 360 34
361 31 365 46
91 2 361 27
362 19 373 21
53 22 362 11
363 19 375 16
66 49 364 26
365 32 374 43
72 1 365 23
366 39 379 27
206 19 366 10
367 37 374 12
368 16 370 47
154 43 368 7
369 14 373 25
370 8 373 2
197 20 370 45
371 26 375 17
175 7 371 47
146 1 372 6
373 48 378 38
293 27 373 51
374 34 377 35
376 16 379 4
97 35 376 52
377 14 379 2
374 31 377 2
378 52 379 10
143 31 378 15
5 3 4
54 990 847 116 896
2 2 5 1
1 3 2 3
3 3 5 3
4 1 5 2
323 132 381
866 700 917 709 65 959 766 90 739 582 460 51 156 541 664 338 105 266 910 60 342 511 481 725 190 970 624 422 237 595 290 895 660 330 113 102 62 958 342 397 458 307 878 300 564 456 265 480 751 204 139 806 752 948 76 595 909 103 409 895 735 985 487 244 271 934 226 207 400 522 421 795 328 433 312 668 284 797 589 967 386 616 406 430 497 402 996 150 963 875 519 806 870 173 567 606 927 619 223 176 602 111 423 593 121 785 136 110 439 928 714 671 42 894 111 641 914 915 903 918 513 76 988 76 260 676 622 803 439 654 565 996 184 459 785 645 672 463 535 547 231 833 977 658 90 822 349 433 195 396 833 739 847 835 722 709 903 245 915 887 373 885 108 586 230 443 699 912 592 867 208 379 966 874 228 409 860 308 612 558 311 398 388 120 161 95 304 160 200 969 345 254 555 81 392 824 107 682 58 388 108 170 468 381 582 521 469 923 158 778 765 616 815 268 542 481 213 612 202 807 243 284 638 462 180 945 503 379 826 445 292 537 388 350 901 219 135 542 431 826 473 799 442 5 667 40 533 471 300 431 987 996 795 377 505 821 357 487 505 188 148 412 519 600 810 642 706 325 678 981 77 940 58 248 165 252 87 785 526 666 478 289 340 125 705 894 388 616 857 308 629 888 38 522 307 266 629 358 442 485 881 927 110 798 467 2 832 636 840 538 678 869 248 449 383 597 635 249 656 370 284 917 848
1 48 168 128
1 110 2 42
3 96 248 62
1 21 3 12
4 23 109 94
6 45 220 58
7 94 65 67
1 3 7 24
8 58 216 80
1 10 8 46
9 24 169 47
10 9 22 42
5 120 10 115
11 87 12 67
10 116 13 104
14 112 122 4
9 29 14 64
10 131 15 48
11 61 16 114
17 59 51 46
18 124 136 89
20 85 203 129
18 99 20 76
21 105 236 26
2 95 21 123
22 45 155 124
23 124 83 127
24 36 205 42
20 89 24 31
8 94 25 73
22 23 26 127
27 80 30 123
10 99 27 42
27 88 28 125
29 58 177 90
22 3 29 122
30 89 149 19
9 40 30 118
15 74 31 7
32 68 199 112
14 59 32 96
12 2 33 47
35 72 257 1
31 35 35 36
36 105 141 57
37 124 323 56
26 3 38 18
39 81 117 6
35 5 39 59
40 16 109 94
15 57 40 96
21 94 41 33
42 22 130 111
4 81 42 52
43 30 173 72
33 9 43 122
44 74 185 89
45 15 130 83
20 16 45 117
40 69 46 15
3 85 47 96
4 56 48 20
49 116 273 49
50 28 52 58
10 58 50 127
51 40 231 36
9 92 51 118
1 53 53 127
54 110 263 130
2 132 54 57
33 129 55 119
56 52 277 121
7 125 56 69
57 79 177 103
58 64 270 44
59 109 143 94
19 48 59 121
42 15 60 14
61 92 255 2
34 31 61 34
15 122 62 70
44 124 63 93
64 132 308 61
65 80 255 43
33 58 65 36
64 51 66 92
50 26 67 31
68 126 301 120
43 99 68 24
69 84 228 82
26 77 70 24
72 58 216 67
73 15 256 23
74 1 178 117
58 124 75 41
74 66 76 3
77 93 252 82
78 129 268 92
36 39 78 48
79 75 160 60
80 31 136 63
30 16 80 58
81 105 132 7
82 117 256 119
83 101 165 76
84 28 274 26
33 21 84 72
19 115 85 87
86 131 123 125
15 38 86 118
87 94 145 69
6 5 87 31
90 52 304 76
80 114 90 71
32 76 91 112
17 42 92 80
93 4 122 35
5 46 93 83
94 5 196 102
73 89 95 29
96 49 111 129
97 77 201 50
79 91 97 83
98 48 204 127
100 55 152 114
53 52 100 84
55 121 101 52
43 97 102 15
32 27 104 23
105 9 156 97
106 48 245 35
51 73 106 43
107 68 289 41
109 33 193 110
36 47 109 22
110 82 111 29
75 87 110 119
111 103 160 78
113 62 176 103
115 4 149 112
35 1 115 98
98 35 116 75
117 80 281 132
118 59 149 76
119 22 312 119
120 23 315 47
121 94 165 70
59 76 121 92
122 12 206 89
10 64 122 77
123 76 165 26
124 84 318 107
62 97 125 48
126 45 265 65
33 112 126 84
127 105 228 8
42 75 127 83
53 92 128 128
120 117 131 46
73 46 132 25
133 47 266 53
90 13 135 92
136 128 250 118
121 71 136 43
137 99 178 82
138 54 197 123
78 84 138 43
5 65 139 70
76 106 140 64
81 119 141 65
142 113 270 96
36 37 143 38
40 6 144 57
145 21 311 28
53 35 145 80
146 95 316 67
147 131 289 122
148 77 218 1
79 130 149 78
151 100 173 70
79 64 152 10
153 71 292 117
4 122 153 11
155 50 157 40
71 72 156 19
159 70 310 92
160 95 279 5
132 13 160 83
161 19 253 124
163 18 281 55
18 10 163 68
164 56 194 128
82 131 164 43
165 109 222 85
166 86 211 20
167 52 252 20
136 84 167 112
168 33 237 100
169 16 314 114
140 121 170 21
171 1 189 4
172 66 225 11
173 128 314 113
126 37 173 58
175 22 213 85
157 60 175 117
176 66 201 4
157 75 178 9
166 75 179 121
180 110 297 1
115 36 181 43
183 107 254 35
184 99 186 25
185 65 236 65
186 88 190 128
145 31 186 61
187 66 211 129
175 80 187 106
188 121 301 27
45 100 188 105
189 60 293 13
113 77 189 4
190 22 198 81
191 17 237 51
149 104 192 62
7 39 194 88
195 17 301 11
105 78 195 105
196 49 307 45
34 90 196 39
24 68 197 118
123 83 199 12
93 84 200 74
201 69 318 66
180 19 201 75
140 84 202 21
203 53 220 101
153 128 203 119
205 89 232 43
206 108 232 82
196 105 206 61
207 32 306 85
176 88 207 96
208 11 215 85
86 29 208 12
209 32 219 116
93 23 209 10
199 94 210 2
211 77 261 39
212 15 241 23
6 94 212 127
187 25 213 27
214 62 285 114
40 62 214 75
215 81 317 98
216 94 282 57
189 53 216 14
66 77 217 132
218 4 246 16
219 50 283 2
172 97 219 17
221 36 295 112
145 97 221 120
155 45 222 30
223 55 276 25
64 87 223 112
137 43 224 131
225 6 272 14
172 83 225 93
226 57 255 90
158 3 226 61
227 28 270 106
51 2 227 63
46 42 228 91
229 126 279 6
230 33 260 23
124 6 230 39
231 120 295 70
4 74 231 101
133 57 232 80
141 91 233 28
234 114 291 69
80 109 234 1
235 29 244 119
236 71 287 83
116 68 237 32
238 111 316 56
141 129 238 84
240 128 241 24
193 57 240 21
241 54 287 41
115 97 241 130
243 84 255 129
72 72 243 42
244 57 313 25
76 47 244 56
246 105 263 24
248 84 261 15
3 108 248 41
222 93 249 20
250 76 256 114
183 82 250 21
251 118 280 15
129 72 251 9
252 16 282 47
92 72 252 120
253 78 316 20
39 39 253 131
210 132 254 2
258 92 270 63
260 39 290 53
22 94 260 120
261 132 303 52
262 81 298 131
265 85 308 119
266 36 272 130
267 96 269 8
268 20 322 38
245 107 268 42
270 103 285 40
194 35 270 124
271 100 295 45
53 67 271 103
256 27 272 14
273 87 292 79
92 110 273 41
274 45 280 11
197 120 274 21
276 35 299 120
143 93 276 16
277 36 289 131
278 20 314 39
189 103 278 5
258 105 279 30
280 128 311 130
189 47 280 47
228 29 281 78
282 51 288 9
283 11 300 33
48 8 283 57
284 31 320 49
285 26 311 6
216 8 285 13
286 86 315 32
203 126 287 124
87 11 288 106
287 89 290 86
291 6 314 107
43 109 291 118
292 85 322 98
293 98 295 57
2 4 294 120
295 62 307 25
70 8 295 64
296 73 305 109
212 127 296 5
297 78 301 47
298 30 306 79
299 14 315 85
297 130 302 59
303 126 308 68
305 93 321 111
12 81 305 37
108 59 306 93
198 73 307 107
308 83 309 40
309 118 323 38
311 3 314 121
312 112 319 65
73 85 312 118
95 39 313 79
314 6 321 70
316 16 323 39
64 26 317 95
318 12 321 71
319 124 322 82
28 114 319 2
320 38 323 102
94 88 320 5
279 122 321 80
322 14 323 121